# r_p wgg error
0.13374816 663.88783958 35.37334872471081
0.23924690999999998 430.90623988999994 27.079507011760754
0.42796151999999993 269.84876303 23.262022697951267
0.76553162 163.40695749 20.48247128644393
1.36937234 97.02290346 14.429069963098799
2.44951427 62.19845967999999 7.61231896336458
4.381657069999999 45.764495489999995 5.225330037423474
7.83784729 31.66890706 3.1114901574647473
14.020232449999998 19.49936254 3.890430774757983
25.07919715 12.825488759999999 5.849209966702255
44.86131958 6.33186596 5.534767363022496
