# r_p wgg error
0.13374816 741.33334849 27.537149453057044
0.23924690999999998 467.11364104999996 16.76525573917678
0.42796151999999993 289.75977205 12.585583419134768
0.76553162 157.70996927 8.560544959288514
1.36937234 85.06023126999999 6.13818580689767
2.44951427 54.303015200000004 3.2157820199758564
4.381657069999999 31.316254479999998 2.2987087679825815
7.83784729 18.69278404 1.7942680959098614
14.020232449999998 8.83424885 1.7516190510496281
25.07919715 4.486593719999999 1.4869077644561548
44.86131958 2.3649843699999997 1.0014747126113568
