# r_p wg+ error
1.337456323605207553e-01 4.383363281225075347e+00 1.392091451663751700e+00
2.392427646802507413e-01 2.638488674768453279e+00 8.743370205372619219e-01
4.279549129317599676e-01 1.193770249754782631e+00 4.528639171955353704e-01
7.655211966272212898e-01 7.728743016047668890e-01 2.525360756407433738e-01
1.369356174628184819e+00 4.064743993454335569e-01 1.370844356874469927e-01
2.449489761033297075e+00 3.609346108692809141e-01 9.383144201147843033e-02
4.381621232354769191e+00 8.504921378018044653e-02 5.384628019120361875e-02
7.837797458570864961e+00 1.200818702526654652e-01 3.590920069642236645e-02
1.402016873297046651e+01 1.539597505823701862e-01 3.810409899869186129e-02
2.507912871440851887e+01 8.290275707334350541e-02 5.285559700293336605e-02
4.486127870877710677e+01 1.973488443271119441e-01 4.533743894296750343e-02
