# r_p wg+ error
1.337456323605207553e-01 -2.651557823284023674e-01 7.468622696159210594e-01
2.392427646802507413e-01 6.725849078646761736e-01 3.455453104717827739e-01
4.279549129317599676e-01 4.719166429972012633e-01 1.831212024059303001e-01
7.655211966272212898e-01 2.927976526196214846e-01 1.478865987453842901e-01
1.369356174628184819e+00 1.171300971720203032e-01 8.138534530078884999e-02
2.449489761033297075e+00 6.003671285886255649e-02 5.422317416408965751e-02
4.381621232354769191e+00 9.912115971727235297e-02 2.755981936787251646e-02
7.837797458570864961e+00 9.689423704851157781e-02 2.409469365283881115e-02
1.402016873297046651e+01 8.406975532640685589e-02 2.616449618112438175e-02
2.507912871440851887e+01 5.023526029053744513e-02 1.866822783627347659e-02
4.486127870877710677e+01 -5.667561839931238707e-04 1.152466617558248890e-02
