# r_p wg+ error
1.337456323605207553e-01 6.707888933628217032e+00 2.037876828309988841e+00
2.392427646802507413e-01 3.466867479067952562e+00 1.018443762426356702e+00
4.279549129317599676e-01 9.078280658413709903e-01 7.269968661273767951e-01
7.655211966272212898e-01 3.172794089333774714e-01 3.253648972807617334e-01
1.369356174628184819e+00 4.496894155057041820e-01 1.967039757681325052e-01
2.449489761033297075e+00 4.335157198508518550e-01 1.095609035057276553e-01
4.381621232354769191e+00 2.583496450857118987e-01 5.222532021821314069e-02
7.837797458570864961e+00 8.705988073986688225e-02 3.142214158989733302e-02
1.402016873297046651e+01 1.230864994421215081e-01 3.691823369049514886e-02
2.507912871440851887e+01 3.500522989705027316e-02 2.282514228463007264e-02
4.486127870877710677e+01 2.465968378944479247e-02 2.239316062244840061e-02
